$ANSIBLE_VAULT;1.1;AES256
64313666353431636639666635383338316131663737383465396430306266353333663833363536
3739396339656461616164323063643665633630666163640a623134356332373765666533346536
37393737373335343866613139383534306666613731376431316238333030326665306265326336
6165343137343330610a313133303831396237653263373838643036376437346364373236396661
64356564356465663337666333306239303063343536343133653664626461376137393635633866
34663961393739363662356264643864663433653737336363323038326564353033643666626662
35303265313930313938626163303738396464333337633637393139326631663864323330313037
61663838333433323531303332353061366163653564346261313230353236343631363131623231
39366637616435613563303562373861343534326161303137653966303334316432643335626232
31326135643936383432646336386538626666303131333739386435356165343434353238656565
37373033633365666432393936373036616566663161373566636266353662363135616639313437
62343361646636313962653966373938373837633233613235616662636263343436333330373163
33626430316365326166613062383238363765616530366231393463343963323766326263616639
65623432363961393863383265653035616134343461643634643764323866353834333433313436
63353330333031663062613662666534623437336466356336363763623738343639353033646232
34626266333732613039623066633339636262306539646230633738343034393662383031653631
32383465376464623362636535373831333335383234623366383136613234386133613564306661
31393163653831376664396632356566396133653535353131386230396636336264383932393835
33353966326235613534623937666330633232366666663836393563343335653162373465323261
37666332616634323731613736326236313432353961626134346261323932316461333864643662
66656430663335633932643962663766383365626461373530633163303561353263386162343038
63343663373837613733353435316462663237383739613830343563386133313364663362333537
36393930323264343439396266366636326163353064636466343132303033373335333435666237
36306136363261643432636337656537323066623565353963663963353265393935353930333433
30333931373365653734386635333237646436326261396663633538636135636236303865656533
37356235303537366661666461323564663734646533643033353138353365333230336433326334
38656537323131343561316530336261303831333233336332386463616233363762343362633033
38333865393136353338626438323934333637326137343366313539366533373039626165383236
62383364623934343566623262646232626433346463373534656465336236653839373965623664
64373263356535636532366464303362666365356333383539303537383639313865656135356437
66376165613037323963613533656463323432616331353739313864356631646461346639313339
31356330313363393263
